	gene	test_stats	test_mean	wt_stats	wt_mean	diff	search_mode	n_models	n_test	n_wt	seed	result_type	t_stat	p_value
0	CDKN2A	[0.535, 0.553125, 0.5875, 0.55125, 0.589375, 0.55875, 0.53125, 0.53875, 0.553125, 0.571875, 0.565625, 0.6075, 0.529375, 0.62875, 0.6931250000000001, 0.6062500000000001, 0.62625, 0.53625, 0.595, 0.608125]	0.5783125000000001	[0.52875, 0.5375000000000001, 0.54125, 0.518125, 0.5618750000000001, 0.5575, 0.468125, 0.550625, 0.58125, 0.5425, 0.6062500000000001, 0.5225000000000001, 0.565625, 0.54625, 0.510625, 0.5575, 0.551875, 0.5475, 0.536875, 0.5118750000000001]	0.5422187500000001	0.036093750000000036	lof	20	221	68	0	observed	3.16945368427971	0.0030137770545713804
42	CDKN2A	[0.521875, 0.595, 0.524375, 0.5812499999999999, 0.525625, 0.5375000000000001, 0.6162500000000001, 0.5743750000000001, 0.58125, 0.5399999999999999, 0.5481250000000001, 0.585, 0.51, 0.535625, 0.564375, 0.47374999999999995, 0.5787499999999999, 0.553125, 0.589375, 0.585625]	0.5560625	[0.508125, 0.658125, 0.5312499999999999, 0.549375, 0.5800000000000001, 0.660625, 0.589375, 0.6293749999999999, 0.6018749999999999, 0.663125, 0.631875, 0.581875, 0.530625, 0.544375, 0.505, 0.57625, 0.54125, 0.608125, 0.594375, 0.54625]	0.5815624999999999	-0.025499999999999856	lof	20	196	98	3	empirical_null	-1.8806310576165297	0.06770248788709544
57	CDKN2A	[0.5962500000000002, 0.6112500000000001, 0.6331249999999999, 0.503125, 0.49, 0.6275, 0.475, 0.650625, 0.47187499999999993, 0.579375, 0.539375, 0.6225, 0.486875, 0.5249999999999999, 0.620625, 0.5868749999999999, 0.69625, 0.54875, 0.571875, 0.638125]	0.57371875	[0.6125, 0.5656249999999999, 0.525625, 0.620625, 0.63375, 0.54375, 0.5093749999999999, 0.47187499999999993, 0.6468750000000001, 0.5774999999999999, 0.6025, 0.554375, 0.5393749999999999, 0.58875, 0.60125, 0.520625, 0.5387500000000001, 0.55, 0.56375, 0.629375]	0.5698125	0.00390625	lof	20	177	129	7	empirical_null	0.21680627023991625	0.8295191282350921
33	CDKN2A	[0.52875, 0.569375, 0.540625, 0.5418749999999999, 0.565625, 0.5875, 0.646875, 0.6643749999999999, 0.599375, 0.59625, 0.5275, 0.521875, 0.57125, 0.575625, 0.6231249999999999, 0.541875, 0.5337500000000001, 0.60875, 0.584375, 0.46625]	0.56975	[0.5974999999999999, 0.6056250000000001, 0.568125, 0.595625, 0.58125, 0.5618750000000001, 0.5818749999999999, 0.575625, 0.694375, 0.5299999999999999, 0.54125, 0.5818749999999999, 0.550625, 0.4987499999999999, 0.5900000000000001, 0.599375, 0.559375, 0.540625, 0.64625, 0.5475000000000001]	0.577375	-0.007624999999999993	lof	20	196	102	27	empirical_null	-0.5405431403072061	0.5919769975180365
26	CDKN2A	[0.549375, 0.5731250000000001, 0.628125, 0.5225, 0.5262500000000001, 0.5287499999999999, 0.613125, 0.470625, 0.59375, 0.598125, 0.625625, 0.6306250000000001, 0.57375, 0.59875, 0.635625, 0.593125, 0.515625, 0.46125000000000005, 0.59375, 0.645625]	0.573875	[0.571875, 0.57625, 0.505, 0.551875, 0.6268750000000001, 0.6506249999999999, 0.6068749999999999, 0.5518749999999999, 0.521875, 0.57125, 0.535625, 0.59125, 0.46562500000000007, 0.45062500000000005, 0.45437500000000003, 0.61375, 0.510625, 0.6018749999999999, 0.59375, 0.59875]	0.5575312499999999	0.0163437500000001	lof	20	193	109	33	empirical_null	0.9227406605468237	0.36196444163172226
60	CDKN2A	[0.6175, 0.5318750000000001, 0.591875, 0.5687499999999999, 0.594375, 0.5775, 0.638125, 0.5081249999999999, 0.5449999999999999, 0.581875, 0.5499999999999999, 0.5675, 0.52125, 0.643125, 0.5818749999999999, 0.6437499999999999, 0.593125, 0.5725, 0.531875, 0.5906250000000001]	0.57753125	[0.5874999999999999, 0.505, 0.545, 0.5449999999999999, 0.6612500000000001, 0.575625, 0.5362499999999999, 0.5543750000000001, 0.48250000000000004, 0.5825, 0.575625, 0.5925, 0.565, 0.5543750000000001, 0.565, 0.586875, 0.566875, 0.57375, 0.62625, 0.506875]	0.56440625	0.013125000000000053	lof	20	186	116	43	empirical_null	1.043905788961786	0.30312467694915934
48	CDKN2A	[0.50875, 0.5449999999999999, 0.566875, 0.57875, 0.6712499999999999, 0.626875, 0.538125, 0.6168750000000001, 0.518125, 0.524375, 0.535625, 0.5531250000000001, 0.50375, 0.6456250000000001, 0.5918749999999999, 0.553125, 0.52875, 0.5231250000000001, 0.5237499999999999, 0.5331250000000001]	0.55934375	[0.61125, 0.550625, 0.53125, 0.565625, 0.626875, 0.574375, 0.6881250000000001, 0.546875, 0.6331249999999999, 0.5618750000000001, 0.490625, 0.578125, 0.489375, 0.6337499999999998, 0.6581250000000001, 0.500625, 0.5906250000000001, 0.599375, 0.5700000000000001, 0.55375]	0.5777187500000001	-0.01837500000000003	lof	20	197	100	154	empirical_null	-1.140373080814865	0.2612675918600236
20	CDKN2A	[0.608125, 0.62625, 0.585, 0.5325, 0.555625, 0.56125, 0.5137499999999999, 0.526875, 0.49687499999999996, 0.5625, 0.5525, 0.5725, 0.553125, 0.57, 0.636875, 0.475, 0.558125, 0.571875, 0.551875, 0.621875]	0.561625	[0.606875, 0.5362499999999999, 0.6475, 0.47250000000000003, 0.539375, 0.5856250000000001, 0.643125, 0.54375, 0.544375, 0.543125, 0.62, 0.6006250000000001, 0.534375, 0.53125, 0.5349999999999999, 0.5212500000000001, 0.61, 0.521875, 0.5362499999999999, 0.485]	0.5579062499999999	0.003718750000000104	lof	20	200	97	290	empirical_null	0.2585880367498261	0.797348668322452
51	CDKN2A	[0.561875, 0.5581250000000001, 0.566875, 0.46125000000000005, 0.5618750000000001, 0.5518749999999999, 0.556875, 0.64375, 0.5775000000000001, 0.5825, 0.550625, 0.579375, 0.48499999999999993, 0.55125, 0.63625, 0.59375, 0.5343749999999999, 0.52625, 0.55625, 0.62]	0.56278125	[0.6024999999999999, 0.615, 0.63, 0.5581250000000001, 0.7175, 0.5725, 0.47875, 0.6174999999999999, 0.545, 0.48750000000000004, 0.58375, 0.65875, 0.6174999999999999, 0.6162500000000001, 0.5218750000000001, 0.6287499999999999, 0.5181250000000001, 0.52375, 0.6387499999999999, 0.438125]	0.5785	-0.015718750000000004	lof	20	175	118	323	empirical_null	-0.8618088244017931	0.3941986991329377
45	CDKN2A	[0.56875, 0.6168750000000001, 0.5868749999999999, 0.51375, 0.625, 0.54125, 0.57625, 0.621875, 0.6256250000000001, 0.52625, 0.608125, 0.5325, 0.5618750000000001, 0.563125, 0.595, 0.5725, 0.601875, 0.5775, 0.519375, 0.565625]	0.575	[0.719375, 0.6143750000000001, 0.459375, 0.568125, 0.499375, 0.64375, 0.56125, 0.5281250000000001, 0.65625, 0.4875, 0.6031249999999999, 0.5375000000000001, 0.493125, 0.57, 0.54875, 0.58375, 0.615, 0.5956250000000001, 0.5481250000000001, 0.568125]	0.5700312500000001	0.004968749999999855	lof	20	188	120	347	empirical_null	0.30800942047347046	0.7597572135088495
14	CDKN2A	[0.64, 0.575625, 0.530625, 0.635, 0.530625, 0.585, 0.588125, 0.6325, 0.60625, 0.45125, 0.6043750000000001, 0.6443749999999999, 0.51875, 0.61, 0.628125, 0.5231250000000001, 0.6537499999999999, 0.54, 0.5606249999999999, 0.5425]	0.5800312500000001	[0.565, 0.5375000000000001, 0.60375, 0.59, 0.5725, 0.5712499999999999, 0.458125, 0.586875, 0.695, 0.55125, 0.47500000000000003, 0.58625, 0.49124999999999996, 0.5812499999999999, 0.57375, 0.46562499999999996, 0.491875, 0.574375, 0.603125, 0.57375]	0.557375	0.022656250000000155	lof	20	185	121	430	empirical_null	1.289137204483119	0.2051427813961175
36	CDKN2A	[0.61625, 0.585625, 0.591875, 0.5812499999999999, 0.641875, 0.6156250000000001, 0.56875, 0.56875, 0.5637500000000001, 0.564375, 0.5918749999999999, 0.61375, 0.5525, 0.53625, 0.5906250000000001, 0.5606249999999999, 0.605, 0.5125, 0.548125, 0.5956250000000001]	0.58025	[0.57375, 0.5606249999999999, 0.519375, 0.635, 0.6068749999999999, 0.66125, 0.505, 0.529375, 0.6087499999999999, 0.516875, 0.6325000000000001, 0.574375, 0.5443749999999999, 0.6025, 0.563125, 0.54125, 0.556875, 0.5549999999999999, 0.603125, 0.541875]	0.57159375	0.008656250000000032	lof	20	192	108	602	empirical_null	0.727845266280461	0.4711695777963649
10	CDKN2A	[0.628125, 0.658125, 0.5075000000000001, 0.569375, 0.58625, 0.5712499999999999, 0.563125, 0.606875, 0.588125, 0.46687499999999993, 0.565625, 0.534375, 0.536875, 0.605625, 0.5831250000000001, 0.6043749999999999, 0.596875, 0.504375, 0.61375, 0.5962500000000001]	0.5743437499999999	[0.5249999999999999, 0.515625, 0.546875, 0.583125, 0.5762499999999999, 0.61125, 0.50375, 0.50375, 0.5462500000000001, 0.608125, 0.56375, 0.5175000000000001, 0.564375, 0.5593750000000001, 0.49124999999999996, 0.51625, 0.6543749999999999, 0.5175000000000001, 0.63125, 0.5475]	0.5541562499999999	0.020187500000000025	lof	20	190	108	749	empirical_null	1.3972912580274812	0.17043193351666447
17	CDKN2A	[0.5175000000000001, 0.5231250000000001, 0.56625, 0.5674999999999999, 0.549375, 0.57875, 0.591875, 0.5818749999999999, 0.541875, 0.46562499999999996, 0.5925, 0.54, 0.5543750000000001, 0.68625, 0.6112500000000001, 0.5775000000000001, 0.6325000000000001, 0.55375, 0.615, 0.666875]	0.5756875000000001	[0.5643750000000001, 0.566875, 0.5237499999999999, 0.601875, 0.600625, 0.600625, 0.6368750000000001, 0.6637500000000001, 0.485625, 0.5362499999999999, 0.568125, 0.5025, 0.613125, 0.6425, 0.45625, 0.5081249999999999, 0.651875, 0.650625, 0.49312500000000004, 0.5775]	0.57221875	0.0034687500000001315	lof	20	170	131	751	empirical_null	0.19222301732253785	0.8485910956391478
4	CDKN2A	[0.49687499999999996, 0.535625, 0.548125, 0.561875, 0.535625, 0.5031249999999999, 0.500625, 0.495, 0.505625, 0.6343749999999999, 0.5812499999999999, 0.531875, 0.579375, 0.526875, 0.625, 0.6193749999999999, 0.556875, 0.5193749999999999, 0.6124999999999999, 0.585]	0.55271875	[0.610625, 0.63375, 0.49499999999999994, 0.5631249999999999, 0.580625, 0.5918749999999999, 0.538125, 0.554375, 0.5918749999999999, 0.536875, 0.5406249999999999, 0.5581250000000001, 0.535, 0.569375, 0.6012500000000001, 0.55375, 0.549375, 0.574375, 0.57875, 0.576875]	0.5666874999999998	-0.013968749999999752	lof	20	186	113	756	empirical_null	-1.1319319799972742	0.2647556336876284
54	CDKN2A	[0.663125, 0.53375, 0.49937499999999996, 0.6187499999999999, 0.5775000000000001, 0.64625, 0.5931250000000001, 0.603125, 0.458125, 0.62125, 0.58375, 0.55375, 0.5575, 0.590625, 0.559375, 0.615625, 0.5362499999999999, 0.6712499999999999, 0.59, 0.643125]	0.5857812499999999	[0.6375, 0.570625, 0.5406249999999999, 0.495625, 0.54375, 0.623125, 0.56125, 0.5625, 0.565625, 0.5775, 0.47500000000000003, 0.58875, 0.511875, 0.54375, 0.534375, 0.535, 0.42937500000000006, 0.5575, 0.5700000000000001, 0.575]	0.5499375	0.03584374999999995	lof	20	182	111	798	empirical_null	2.2331581502773763	0.031505140046299576
30	CDKN2A	[0.58, 0.5762499999999999, 0.6525000000000001, 0.50125, 0.605, 0.651875, 0.5899999999999999, 0.651875, 0.529375, 0.54375, 0.49562500000000004, 0.6087499999999999, 0.5112500000000001, 0.520625, 0.68, 0.5031249999999999, 0.5775, 0.5850000000000001, 0.615625, 0.591875]	0.5785625	[0.52625, 0.515625, 0.515, 0.59, 0.61625, 0.635, 0.44125000000000003, 0.5787500000000001, 0.5987499999999999, 0.5225, 0.57375, 0.495, 0.505625, 0.6174999999999999, 0.5418750000000001, 0.526875, 0.580625, 0.578125, 0.5675, 0.5393749999999999]	0.5532812500000001	0.025281249999999922	lof	20	197	112	820	empirical_null	1.5242832853441206	0.135718108349677
63	CDKN2A	[0.6412500000000001, 0.5618750000000001, 0.5756249999999999, 0.570625, 0.5125, 0.565625, 0.6174999999999999, 0.545, 0.5774999999999999, 0.50875, 0.6824999999999999, 0.5775, 0.5756249999999999, 0.5825, 0.443125, 0.7074999999999999, 0.5974999999999999, 0.5675, 0.56875, 0.6231249999999999]	0.58009375	[0.520625, 0.573125, 0.5175, 0.5862499999999999, 0.608125, 0.6368750000000001, 0.628125, 0.5, 0.54375, 0.6056250000000001, 0.554375, 0.46125000000000005, 0.613125, 0.52, 0.596875, 0.5599999999999999, 0.5718749999999999, 0.538125, 0.588125, 0.56625]	0.5645	0.015593749999999962	lof	20	199	103	872	empirical_null	0.9413211744430013	0.35248627757730555
23	CDKN2A	[0.61875, 0.463125, 0.5475, 0.5475000000000001, 0.5824999999999999, 0.61, 0.5625, 0.531875, 0.5225, 0.515625, 0.5275, 0.600625, 0.5018750000000001, 0.611875, 0.559375, 0.5693750000000001, 0.6125, 0.5175000000000001, 0.561875, 0.56125]	0.5562812500000001	[0.546875, 0.635625, 0.5281250000000001, 0.570625, 0.656875, 0.6243749999999999, 0.5756249999999999, 0.5618749999999999, 0.6074999999999999, 0.595, 0.55625, 0.561875, 0.580625, 0.5775, 0.5425, 0.564375, 0.5625, 0.6381249999999998, 0.591875, 0.500625]	0.5789375	-0.022656249999999933	lof	20	186	116	883	empirical_null	-1.769233802897076	0.08488048736687052
7	CDKN2A	[0.495625, 0.55125, 0.605625, 0.5018750000000001, 0.565, 0.596875, 0.61625, 0.555625, 0.5374999999999999, 0.6225, 0.583125, 0.638125, 0.57375, 0.591875, 0.5987500000000001, 0.5425, 0.495, 0.515625, 0.536875, 0.540625]	0.56321875	[0.610625, 0.581875, 0.6431250000000001, 0.51, 0.6025, 0.6087499999999999, 0.5637500000000001, 0.5581249999999999, 0.52625, 0.53625, 0.5756249999999999, 0.50625, 0.56, 0.49749999999999994, 0.5375000000000001, 0.585, 0.5225, 0.51, 0.5700000000000001, 0.5950000000000001]	0.5600312500000001	0.0031874999999998987	lof	20	176	120	911	empirical_null	0.24011214557374191	0.8115339341067913
39	CDKN2A	[0.61375, 0.52625, 0.55375, 0.504375, 0.606875, 0.5525, 0.62625, 0.565, 0.554375, 0.573125, 0.62375, 0.570625, 0.52625, 0.59875, 0.5175000000000001, 0.5868749999999999, 0.6099999999999999, 0.6037499999999999, 0.6000000000000001, 0.595]	0.5754375	[0.6231249999999999, 0.605, 0.57125, 0.603125, 0.53375, 0.469375, 0.584375, 0.573125, 0.6562499999999999, 0.533125, 0.62125, 0.516875, 0.519375, 0.51375, 0.524375, 0.559375, 0.59125, 0.561875, 0.47062499999999996, 0.530625]	0.55809375	0.01734374999999999	lof	20	194	114	985	empirical_null	1.2434311809493108	0.22132588973732686
1	CDKN2B	[0.5774999999999999, 0.5775, 0.5650000000000001, 0.523125, 0.6343749999999999, 0.59, 0.61625, 0.5275, 0.54375, 0.558125, 0.59, 0.5506249999999999, 0.546875, 0.615, 0.6637499999999998, 0.565625, 0.6112500000000001, 0.625625, 0.634375, 0.558125]	0.5837187500000001	[0.5062500000000001, 0.49, 0.525, 0.546875, 0.53125, 0.5900000000000001, 0.551875, 0.559375, 0.578125, 0.634375, 0.524375, 0.5543750000000001, 0.5825, 0.584375, 0.485, 0.48562500000000003, 0.57625, 0.559375, 0.6275, 0.4649999999999999]	0.547875	0.03584375000000006	lof	20	218	90	0	observed	2.633093017900925	0.012167037202214959
43	CDKN2B	[0.526875, 0.5318750000000001, 0.606875, 0.555625, 0.49750000000000005, 0.5275, 0.50125, 0.5249999999999999, 0.595625, 0.550625, 0.550625, 0.620625, 0.53375, 0.54625, 0.64125, 0.619375, 0.6281249999999999, 0.533125, 0.53125, 0.588125]	0.5605625000000001	[0.5706249999999999, 0.5375000000000001, 0.575, 0.49625, 0.5768749999999999, 0.645625, 0.49375, 0.6175, 0.6031249999999999, 0.671875, 0.5449999999999999, 0.5337500000000001, 0.605, 0.65625, 0.604375, 0.5687500000000001, 0.559375, 0.6325000000000001, 0.661875, 0.589375]	0.58721875	-0.026656249999999937	lof	20	190	122	3	empirical_null	-1.7579724383978805	0.08680544931637492
58	CDKN2B	[0.6443749999999999, 0.5631250000000001, 0.55875, 0.578125, 0.49062500000000003, 0.59, 0.48812500000000003, 0.5962500000000001, 0.51, 0.57375, 0.599375, 0.61875, 0.525, 0.47875, 0.5525, 0.5575, 0.69375, 0.538125, 0.48375, 0.6056250000000001]	0.5623125	[0.521875, 0.608125, 0.610625, 0.5787499999999999, 0.58375, 0.619375, 0.524375, 0.506875, 0.6031250000000001, 0.47125, 0.546875, 0.416875, 0.568125, 0.528125, 0.60375, 0.546875, 0.6224999999999999, 0.589375, 0.53, 0.53125]	0.55559375	0.0067187499999999956	lof	20	174	146	7	empirical_null	0.38467746009371206	0.7026209566347327
34	CDKN2B	[0.56125, 0.65125, 0.5049999999999999, 0.56125, 0.538125, 0.670625, 0.6156250000000001, 0.573125, 0.5943750000000001, 0.575625, 0.55, 0.56375, 0.49249999999999994, 0.663125, 0.525625, 0.6025, 0.55875, 0.703125, 0.5725, 0.49187500000000006]	0.5785	[0.49749999999999994, 0.528125, 0.49625, 0.5318750000000001, 0.631875, 0.5549999999999999, 0.6225, 0.595, 0.5249999999999999, 0.5150000000000001, 0.538125, 0.620625, 0.508125, 0.48812500000000003, 0.54625, 0.595, 0.48375, 0.5249999999999999, 0.62, 0.5537500000000001]	0.54884375	0.02965625000000005	lof	20	191	126	27	empirical_null	1.7394372915098804	0.0900534867517038
27	CDKN2B	[0.580625, 0.533125, 0.5706249999999999, 0.55875, 0.5524999999999999, 0.49, 0.5399999999999999, 0.561875, 0.624375, 0.5587500000000001, 0.575, 0.55375, 0.575625, 0.5875, 0.63375, 0.59, 0.6431250000000001, 0.5225, 0.62125, 0.6199999999999999]	0.5746562499999999	[0.6525, 0.6612500000000001, 0.50875, 0.59625, 0.63375, 0.5631249999999999, 0.58875, 0.533125, 0.5725, 0.6375, 0.62625, 0.576875, 0.566875, 0.5975, 0.5075000000000001, 0.575625, 0.686875, 0.519375, 0.6468750000000001, 0.48250000000000004]	0.5866875	-0.01203125000000016	lof	20	183	133	33	empirical_null	-0.7739216619811006	0.4437655733068987
61	CDKN2B	[0.6231249999999999, 0.5175000000000001, 0.5875, 0.5, 0.5787500000000001, 0.575, 0.555625, 0.5206250000000001, 0.54375, 0.556875, 0.5812499999999999, 0.605625, 0.4543750000000001, 0.660625, 0.5875, 0.5706249999999999, 0.583125, 0.5650000000000001, 0.5275000000000001, 0.5462499999999999]	0.5620312500000001	[0.51625, 0.5081249999999999, 0.5493750000000001, 0.523125, 0.59375, 0.49374999999999997, 0.45624999999999993, 0.578125, 0.54125, 0.5306250000000001, 0.499375, 0.581875, 0.626875, 0.574375, 0.540625, 0.5493750000000001, 0.645625, 0.5825, 0.6543749999999999, 0.513125]	0.5529375000000001	0.009093750000000012	lof	20	183	130	43	empirical_null	0.5903999949441946	0.5584175897528245
49	CDKN2B	[0.49875, 0.54375, 0.59375, 0.508125, 0.6174999999999999, 0.5987500000000001, 0.515, 0.5706249999999999, 0.52, 0.55875, 0.59625, 0.5643750000000001, 0.606875, 0.63, 0.578125, 0.5275000000000001, 0.625, 0.515, 0.5325, 0.54625]	0.56234375	[0.530625, 0.580625, 0.5299999999999999, 0.536875, 0.54375, 0.670625, 0.51375, 0.525, 0.6256250000000001, 0.48875, 0.629375, 0.6031249999999999, 0.54125, 0.6524999999999999, 0.6875, 0.56125, 0.5125, 0.5449999999999999, 0.558125, 0.5287499999999999]	0.5682499999999999	-0.005906249999999891	lof	20	190	122	154	empirical_null	-0.37314308152696096	0.7111154736587851
21	CDKN2B	[0.59125, 0.57875, 0.56, 0.595625, 0.553125, 0.5168750000000001, 0.595625, 0.5318749999999999, 0.494375, 0.49625, 0.63, 0.61875, 0.569375, 0.64875, 0.5975, 0.62375, 0.481875, 0.551875, 0.5525, 0.5750000000000001]	0.56815625	[0.51375, 0.6187499999999999, 0.6668749999999999, 0.506875, 0.48875, 0.5393749999999999, 0.5725, 0.5331250000000001, 0.650625, 0.555625, 0.565, 0.523125, 0.496875, 0.615, 0.53, 0.555, 0.6168750000000001, 0.604375, 0.5081249999999999, 0.52625]	0.5593437499999998	0.008812500000000223	lof	20	190	123	290	empirical_null	0.5584271935440225	0.5798285276332585
52	CDKN2B	[0.545, 0.5693750000000001, 0.576875, 0.48874999999999996, 0.5487500000000001, 0.6775, 0.5875, 0.5800000000000001, 0.63375, 0.561875, 0.5493750000000001, 0.61625, 0.599375, 0.630625, 0.6399999999999999, 0.525625, 0.50625, 0.51, 0.6525000000000001, 0.61375]	0.5806562499999999	[0.4825, 0.645, 0.545625, 0.524375, 0.615, 0.6012500000000001, 0.595, 0.598125, 0.509375, 0.5081249999999999, 0.57625, 0.6387499999999999, 0.5818749999999999, 0.56375, 0.509375, 0.5975000000000001, 0.52, 0.53, 0.558125, 0.5325]	0.561625	0.019031249999999833	lof	20	169	147	323	empirical_null	1.2138829740047006	0.232283158981329
46	CDKN2B	[0.53875, 0.5675, 0.59375, 0.48624999999999996, 0.549375, 0.5775, 0.504375, 0.6212500000000001, 0.5706249999999999, 0.55, 0.624375, 0.598125, 0.48124999999999996, 0.63, 0.611875, 0.568125, 0.60875, 0.5874999999999999, 0.558125, 0.59625]	0.5711875000000001	[0.6268750000000001, 0.6275000000000001, 0.6131249999999999, 0.529375, 0.5725, 0.630625, 0.5900000000000001, 0.488125, 0.6506249999999999, 0.550625, 0.6175, 0.48250000000000004, 0.491875, 0.5706249999999999, 0.5237499999999999, 0.536875, 0.58125, 0.56875, 0.56125, 0.55625]	0.5685	0.002687500000000065	lof	20	183	135	347	empirical_null	0.18153822284453416	0.856910028087096
15	CDKN2B	[0.5825, 0.44875, 0.54375, 0.5375, 0.5081249999999999, 0.55625, 0.5875, 0.594375, 0.609375, 0.52125, 0.6331249999999999, 0.651875, 0.53625, 0.595, 0.64875, 0.49875, 0.5750000000000001, 0.5637500000000001, 0.5525000000000001, 0.530625]	0.5637500000000001	[0.5525, 0.6131249999999999, 0.6175, 0.51, 0.626875, 0.665625, 0.5337500000000001, 0.5262499999999999, 0.6275, 0.473125, 0.5387500000000001, 0.5656249999999999, 0.605, 0.563125, 0.5049999999999999, 0.5543750000000001, 0.5462499999999999, 0.6837500000000001, 0.575, 0.598125]	0.5740624999999999	-0.010312499999999836	lof	20	182	140	430	empirical_null	-0.6135154468735342	0.5431908283777194
37	CDKN2B	[0.608125, 0.535, 0.595, 0.544375, 0.6399999999999999, 0.52375, 0.52125, 0.49937499999999996, 0.585, 0.56625, 0.643125, 0.606875, 0.6012500000000001, 0.6256250000000001, 0.55875, 0.6224999999999999, 0.609375, 0.51875, 0.588125, 0.5843750000000001]	0.5788437500000001	[0.569375, 0.558125, 0.571875, 0.5706249999999999, 0.579375, 0.71, 0.5275000000000001, 0.5818749999999999, 0.6593749999999999, 0.52875, 0.5756249999999999, 0.6174999999999999, 0.639375, 0.603125, 0.5687499999999999, 0.545625, 0.588125, 0.593125, 0.59875, 0.47687499999999994]	0.5831875	-0.0043437499999998685	lof	20	190	129	602	empirical_null	-0.29469659451604013	0.7698296781528084
12	CDKN2B	[0.609375, 0.5668749999999999, 0.6168750000000001, 0.549375, 0.5231250000000001, 0.579375, 0.506875, 0.5825, 0.6287499999999999, 0.5281250000000001, 0.4624999999999999, 0.625625, 0.58375, 0.5825, 0.53375, 0.614375, 0.465, 0.5531250000000001, 0.61, 0.565625]	0.564375	[0.57875, 0.585, 0.48812500000000003, 0.558125, 0.505625, 0.511875, 0.5625, 0.604375, 0.6, 0.6062500000000001, 0.619375, 0.5925, 0.579375, 0.56375, 0.5525, 0.598125, 0.5393749999999999, 0.551875, 0.626875, 0.52125]	0.56728125	-0.002906249999999999	lof	20	182	134	749	empirical_null	-0.20630795708907684	0.8376517794942518
18	CDKN2B	[0.60375, 0.57625, 0.606875, 0.5862499999999999, 0.546875, 0.6368750000000001, 0.639375, 0.5875, 0.514375, 0.5706249999999999, 0.56, 0.6343749999999999, 0.5943750000000001, 0.7, 0.65375, 0.645, 0.651875, 0.5687500000000001, 0.5318750000000001, 0.564375]	0.59865625	[0.56625, 0.570625, 0.574375, 0.5525, 0.5387500000000001, 0.5237499999999999, 0.49749999999999994, 0.6525000000000001, 0.6174999999999999, 0.579375, 0.546875, 0.5475, 0.596875, 0.53125, 0.479375, 0.53125, 0.618125, 0.68125, 0.47250000000000003, 0.524375]	0.560125	0.03853125000000002	lof	20	165	154	751	empirical_null	2.4074832694811317	0.021025787797411145
5	CDKN2B	[0.57375, 0.6375000000000001, 0.579375, 0.51, 0.51, 0.53125, 0.468125, 0.700625, 0.565625, 0.569375, 0.525, 0.5587500000000001, 0.514375, 0.548125, 0.5375, 0.60875, 0.583125, 0.56375, 0.6237499999999999, 0.5912499999999998]	0.5650000000000001	[0.521875, 0.546875, 0.5287499999999999, 0.51375, 0.5800000000000001, 0.63, 0.569375, 0.5625, 0.57, 0.594375, 0.554375, 0.5231250000000001, 0.595625, 0.55625, 0.5831249999999999, 0.62125, 0.5725, 0.65125, 0.608125, 0.5975]	0.5740312499999999	-0.009031249999999824	lof	20	178	139	756	empirical_null	-0.6271559276059393	0.534307384261872
55	CDKN2B	[0.6781250000000001, 0.54125, 0.5212500000000001, 0.556875, 0.6125, 0.511875, 0.5825, 0.56875, 0.55625, 0.5874999999999999, 0.5775, 0.53, 0.5831249999999999, 0.6456249999999999, 0.625625, 0.5775, 0.581875, 0.5925, 0.611875, 0.580625]	0.5811562499999999	[0.6168750000000001, 0.551875, 0.58875, 0.518125, 0.65875, 0.629375, 0.45562499999999995, 0.5775, 0.523125, 0.53875, 0.5718749999999999, 0.645625, 0.614375, 0.5375, 0.58875, 0.5712499999999999, 0.505, 0.569375, 0.57875, 0.589375]	0.5715312499999999	0.009624999999999995	lof	20	178	133	798	empirical_null	0.6690669809529922	0.5074975032317242
31	CDKN2B	[0.569375, 0.631875, 0.626875, 0.5187499999999999, 0.5943750000000001, 0.568125, 0.601875, 0.62125, 0.58125, 0.5700000000000001, 0.6443750000000001, 0.610625, 0.48062499999999997, 0.556875, 0.649375, 0.555625, 0.60125, 0.5325, 0.590625, 0.588125]	0.5846875	[0.5962500000000001, 0.536875, 0.5925, 0.55125, 0.5875, 0.6825, 0.54625, 0.5675000000000001, 0.5725, 0.624375, 0.696875, 0.634375, 0.5293749999999999, 0.5331250000000001, 0.58375, 0.54125, 0.5075000000000001, 0.570625, 0.528125, 0.575]	0.5778749999999999	0.00681250000000011	lof	20	187	139	820	empirical_null	0.4621254081627083	0.6466264536070243
64	CDKN2B	[0.6412500000000001, 0.6306249999999999, 0.561875, 0.56875, 0.5812499999999999, 0.5287499999999999, 0.5968749999999999, 0.5725, 0.65625, 0.48, 0.598125, 0.620625, 0.55125, 0.5187499999999999, 0.47375000000000006, 0.61375, 0.623125, 0.5706249999999999, 0.61375, 0.61625]	0.58090625	[0.5, 0.555, 0.49062500000000003, 0.46249999999999997, 0.628125, 0.57875, 0.591875, 0.565625, 0.6224999999999999, 0.6174999999999999, 0.6375, 0.49500000000000005, 0.533125, 0.62875, 0.576875, 0.60625, 0.5887500000000001, 0.583125, 0.5549999999999999, 0.508125]	0.56625	0.014656249999999926	lof	20	193	125	872	empirical_null	0.8966867205003731	0.3755319186268651
24	CDKN2B	[0.63625, 0.48812500000000003, 0.5968749999999999, 0.50875, 0.54, 0.560625, 0.5487500000000001, 0.5506249999999999, 0.5525, 0.6131249999999999, 0.563125, 0.664375, 0.555625, 0.5025, 0.6224999999999999, 0.611875, 0.66125, 0.5075, 0.57, 0.5700000000000001]	0.5712187500000001	[0.6018749999999999, 0.595, 0.544375, 0.5475000000000001, 0.6599999999999999, 0.603125, 0.566875, 0.546875, 0.5525, 0.554375, 0.5762499999999999, 0.523125, 0.586875, 0.558125, 0.54, 0.625625, 0.551875, 0.59625, 0.598125, 0.549375]	0.5739062500000001	-0.002687499999999954	lof	20	180	141	883	empirical_null	-0.1957075902366057	0.8458818270749173
8	CDKN2B	[0.555625, 0.560625, 0.5943750000000001, 0.4875, 0.610625, 0.55125, 0.599375, 0.6625000000000001, 0.5631250000000001, 0.499375, 0.524375, 0.6031249999999999, 0.565, 0.5700000000000001, 0.49625, 0.5700000000000001, 0.495625, 0.5737500000000001, 0.63625, 0.6637500000000001]	0.5691250000000001	[0.53, 0.5775, 0.5918749999999999, 0.5262499999999999, 0.595625, 0.620625, 0.59, 0.550625, 0.69375, 0.5706249999999999, 0.55125, 0.51, 0.576875, 0.54875, 0.53625, 0.5825, 0.524375, 0.558125, 0.55875, 0.47375]	0.563375	0.005750000000000144	lof	20	170	146	911	empirical_null	0.37087222554073473	0.7127922956919426
40	CDKN2B	[0.585, 0.5356249999999999, 0.578125, 0.5543750000000001, 0.614375, 0.599375, 0.571875, 0.6643750000000002, 0.569375, 0.510625, 0.66875, 0.58125, 0.67, 0.59, 0.471875, 0.55125, 0.650625, 0.585625, 0.5618749999999999, 0.619375]	0.5866875	[0.464375, 0.49937500000000007, 0.558125, 0.5487500000000001, 0.6087499999999999, 0.5137499999999999, 0.5725, 0.60375, 0.613125, 0.585, 0.57125, 0.5375, 0.576875, 0.558125, 0.535, 0.6331249999999999, 0.623125, 0.5874999999999999, 0.5275000000000001, 0.53625]	0.5626875000000001	0.02399999999999991	lof	20	185	137	985	empirical_null	1.5860102062780632	0.12102462565123003
2	CDKN2C	[0.609375, 0.580625, 0.624375, 0.544375, 0.61125, 0.55, 0.5675, 0.605, 0.52375, 0.55375, 0.50125, 0.599375, 0.63125, 0.6150000000000001, 0.6331249999999999, 0.5831250000000001, 0.5874999999999999, 0.533125, 0.57375, 0.6056250000000001]	0.58165625	[0.5425, 0.5549999999999999, 0.515, 0.5775000000000001, 0.6325, 0.7093750000000001, 0.513125, 0.595, 0.580625, 0.55125, 0.55625, 0.5575, 0.61125, 0.5550000000000002, 0.5731249999999999, 0.5731249999999999, 0.6525000000000001, 0.529375, 0.5106250000000001, 0.545]	0.57178125	0.009874999999999967	lof	20	73	204	0	observed	0.710911396496078	0.481480161722167
44	CDKN2C	[0.518125, 0.5249999999999999, 0.5425, 0.5800000000000001, 0.558125, 0.4987500000000001, 0.435, 0.5800000000000001, 0.504375, 0.5099999999999999, 0.585625, 0.5750000000000001, 0.571875, 0.62, 0.54, 0.5912499999999999, 0.57125, 0.51625, 0.6481250000000001, 0.5812499999999999]	0.5526249999999999	[0.6231249999999999, 0.575625, 0.550625, 0.519375, 0.6325, 0.7075, 0.59625, 0.58, 0.60875, 0.5631249999999999, 0.5987499999999999, 0.56875, 0.55125, 0.5462500000000001, 0.54, 0.58875, 0.594375, 0.709375, 0.53, 0.48875]	0.5836562499999999	-0.031031249999999955	lof	20	39	239	3	empirical_null	-1.8879707960367607	0.06668321399660299
59	CDKN2C	[0.6287499999999999, 0.528125, 0.53125, 0.6056250000000001, 0.47250000000000003, 0.60625, 0.5975, 0.6125, 0.58375, 0.59, 0.630625, 0.5975, 0.5743750000000001, 0.574375, 0.6012500000000001, 0.60375, 0.6331249999999999, 0.55, 0.5637500000000001, 0.605]	0.5845	[0.595625, 0.5850000000000001, 0.57625, 0.5493750000000001, 0.560625, 0.60375, 0.5912499999999999, 0.5650000000000001, 0.6387499999999999, 0.51375, 0.5618750000000001, 0.615625, 0.57, 0.599375, 0.580625, 0.5325, 0.58875, 0.5443749999999999, 0.6275, 0.5018750000000001]	0.57509375	0.00940625000000006	lof	20	41	246	7	empirical_null	0.7899151303451093	0.43447907612145664
35	CDKN2C	[0.545625, 0.636875, 0.558125, 0.44687499999999997, 0.5925, 0.599375, 0.47624999999999995, 0.5762499999999999, 0.5718749999999999, 0.53125, 0.549375, 0.594375, 0.58625, 0.605, 0.53625, 0.568125, 0.51, 0.49937500000000007, 0.64375, 0.6525000000000001]	0.564	[0.534375, 0.559375, 0.538125, 0.54375, 0.574375, 0.6950000000000001, 0.62375, 0.62, 0.624375, 0.60875, 0.5681250000000001, 0.655, 0.5687500000000001, 0.6056250000000001, 0.535625, 0.5925, 0.5825, 0.636875, 0.5387500000000001, 0.58625]	0.58959375	-0.02559375000000008	lof	20	41	242	27	empirical_null	-1.6378505314085257	0.10970844744122167
28	CDKN2C	[0.723125, 0.60375, 0.5543750000000001, 0.526875, 0.578125, 0.63, 0.5875, 0.59375, 0.6012500000000001, 0.595, 0.63625, 0.57625, 0.53625, 0.60625, 0.5831250000000001, 0.641875, 0.539375, 0.6512500000000001, 0.661875, 0.5443749999999999]	0.5985312500000001	[0.575, 0.5950000000000001, 0.549375, 0.5399999999999999, 0.6212500000000001, 0.6543749999999999, 0.58125, 0.569375, 0.575625, 0.46625000000000005, 0.6537499999999999, 0.514375, 0.6243749999999999, 0.708125, 0.47625000000000006, 0.601875, 0.44625000000000004, 0.5493750000000001, 0.6012500000000001, 0.4575]	0.5680312499999999	0.030500000000000194	lof	20	47	248	33	empirical_null	1.5930522644438354	0.11943377662045528
62	CDKN2C	[0.5625, 0.56125, 0.5431250000000001, 0.5356249999999999, 0.5031249999999999, 0.48562500000000003, 0.5312499999999999, 0.629375, 0.5375, 0.63125, 0.670625, 0.571875, 0.5449999999999999, 0.6418750000000001, 0.60875, 0.5225, 0.5987499999999999, 0.478125, 0.57625, 0.65875]	0.56965625	[0.59875, 0.5499999999999999, 0.5418749999999999, 0.5931249999999999, 0.594375, 0.5293749999999999, 0.5531249999999999, 0.54625, 0.556875, 0.504375, 0.6043750000000001, 0.56625, 0.5462499999999999, 0.576875, 0.521875, 0.5481250000000001, 0.5525, 0.599375, 0.6212499999999999, 0.483125]	0.55940625	0.010249999999999981	lof	20	40	239	43	empirical_null	0.6888089549371537	0.4951278184918848
50	CDKN2C	[0.5562499999999999, 0.570625, 0.515625, 0.48624999999999996, 0.56, 0.59, 0.5575, 0.6375, 0.51625, 0.596875, 0.55, 0.5668749999999999, 0.58625, 0.608125, 0.561875, 0.5625, 0.486875, 0.5375, 0.51, 0.573125]	0.5565	[0.5725, 0.5206250000000001, 0.545625, 0.59375, 0.5918749999999999, 0.610625, 0.55625, 0.499375, 0.6275, 0.52625, 0.5687500000000001, 0.619375, 0.51625, 0.495625, 0.575625, 0.5875, 0.615625, 0.5525, 0.610625, 0.52]	0.5653125	-0.008812500000000001	lof	20	43	245	154	empirical_null	-0.6866560733448029	0.4964685619402057
22	CDKN2C	[0.57875, 0.595625, 0.553125, 0.5543750000000001, 0.4937500000000001, 0.5887499999999999, 0.521875, 0.5531250000000001, 0.6143749999999999, 0.49624999999999997, 0.536875, 0.531875, 0.586875, 0.47750000000000004, 0.675, 0.568125, 0.603125, 0.5231250000000001, 0.528125, 0.6225]	0.56015625	[0.559375, 0.47562499999999996, 0.511875, 0.559375, 0.6400000000000001, 0.545, 0.48375000000000007, 0.59375, 0.6281249999999999, 0.474375, 0.515625, 0.660625, 0.5068750000000001, 0.5974999999999999, 0.556875, 0.591875, 0.565, 0.563125, 0.559375, 0.569375]	0.5578749999999999	0.0022812500000001235	lof	20	41	242	290	empirical_null	0.14198704608442164	0.8878403714371884
53	CDKN2C	[0.641875, 0.525625, 0.5968749999999999, 0.568125, 0.5375, 0.556875, 0.530625, 0.5225, 0.619375, 0.49187500000000006, 0.46125, 0.59125, 0.5375, 0.5687500000000001, 0.5706249999999999, 0.5925, 0.640625, 0.6043749999999999, 0.58625, 0.62375]	0.5684062499999999	[0.639375, 0.6337499999999999, 0.573125, 0.5681250000000001, 0.6712499999999999, 0.559375, 0.53, 0.564375, 0.6543749999999999, 0.5731249999999999, 0.61375, 0.640625, 0.589375, 0.57, 0.6074999999999999, 0.5731250000000001, 0.57625, 0.5918749999999999, 0.60375, 0.611875]	0.5972500000000001	-0.028843750000000168	lof	20	42	235	323	empirical_null	-2.1279203131269657	0.03988988640113522
47	CDKN2C	[0.5375, 0.5475, 0.54625, 0.57375, 0.591875, 0.6350000000000001, 0.48125000000000007, 0.5893750000000001, 0.5725, 0.595, 0.6475, 0.54125, 0.5281250000000001, 0.65625, 0.585, 0.629375, 0.60375, 0.5575, 0.5706249999999999, 0.565]	0.57771875	[0.508125, 0.578125, 0.64375, 0.616875, 0.564375, 0.5862499999999999, 0.5362500000000001, 0.559375, 0.54, 0.45312499999999994, 0.5675, 0.569375, 0.5856250000000001, 0.576875, 0.5562499999999999, 0.600625, 0.5625, 0.660625, 0.5825, 0.5625]	0.5705312499999999	0.007187500000000013	lof	20	49	234	347	empirical_null	0.5179628447343426	0.607486922424529
16	CDKN2C	[0.495625, 0.57125, 0.623125, 0.6225, 0.638125, 0.5800000000000001, 0.6637500000000001, 0.628125, 0.5774999999999999, 0.63125, 0.6456249999999999, 0.598125, 0.62625, 0.6112500000000001, 0.6587500000000001, 0.590625, 0.6575, 0.635625, 0.515, 0.6231249999999999]	0.60965625	[0.556875, 0.564375, 0.5175, 0.5575, 0.534375, 0.578125, 0.553125, 0.5462499999999999, 0.5700000000000001, 0.5156250000000001, 0.5862499999999999, 0.6031250000000001, 0.52625, 0.525625, 0.49562500000000004, 0.519375, 0.576875, 0.516875, 0.55625, 0.55875]	0.5479375	0.061718750000000044	lof	20	36	252	430	empirical_null	5.230470543382878	6.4495526169391504e-06
38	CDKN2C	[0.6225, 0.586875, 0.5762499999999999, 0.469375, 0.5606249999999999, 0.584375, 0.525625, 0.51875, 0.5675, 0.58625, 0.578125, 0.595, 0.425, 0.569375, 0.59, 0.55875, 0.7168750000000002, 0.513125, 0.638125, 0.514375]	0.56484375	[0.5474999999999999, 0.489375, 0.605, 0.609375, 0.57875, 0.600625, 0.59375, 0.565, 0.5325, 0.516875, 0.61, 0.485, 0.455625, 0.58375, 0.59625, 0.615, 0.531875, 0.6312499999999999, 0.579375, 0.64625]	0.56865625	-0.0038124999999999964	lof	20	39	248	602	empirical_null	-0.21095554727450133	0.8340491828434767
11	CDKN2C	[0.5606249999999999, 0.6025, 0.5974999999999999, 0.533125, 0.53625, 0.5962500000000001, 0.550625, 0.5925, 0.536875, 0.5975, 0.575, 0.49874999999999997, 0.5974999999999999, 0.560625, 0.585, 0.6200000000000001, 0.548125, 0.524375, 0.5887499999999999, 0.619375]	0.5710625	[0.5131249999999999, 0.5800000000000001, 0.533125, 0.526875, 0.6525, 0.5743750000000001, 0.589375, 0.515625, 0.62375, 0.540625, 0.5643750000000001, 0.5718749999999999, 0.5625, 0.6056250000000001, 0.579375, 0.679375, 0.576875, 0.590625, 0.64375, 0.536875]	0.5780312499999999	-0.006968749999999857	lof	20	53	234	749	empirical_null	-0.5481620576916195	0.5867866843002458
19	CDKN2C	[0.59875, 0.516875, 0.599375, 0.57875, 0.58875, 0.5825, 0.659375, 0.5625, 0.5618749999999999, 0.544375, 0.584375, 0.59625, 0.530625, 0.620625, 0.5225, 0.64125, 0.5774999999999999, 0.588125, 0.6075000000000002, 0.563125]	0.58125	[0.60625, 0.52, 0.49750000000000005, 0.60875, 0.524375, 0.593125, 0.54, 0.543125, 0.530625, 0.54375, 0.5943749999999999, 0.6200000000000001, 0.56375, 0.536875, 0.5712499999999999, 0.6125, 0.49375, 0.5675, 0.56125, 0.575]	0.5601875	0.021062500000000095	lof	20	39	249	751	empirical_null	1.79029520536809	0.0813766683209758
6	CDKN2C	[0.6575, 0.5549999999999999, 0.5874999999999999, 0.580625, 0.5693750000000001, 0.5218749999999999, 0.535625, 0.6074999999999999, 0.5687500000000001, 0.5650000000000001, 0.65, 0.585625, 0.605, 0.584375, 0.65875, 0.58, 0.6068749999999999, 0.504375, 0.629375, 0.6150000000000001]	0.58840625	[0.61625, 0.61375, 0.58125, 0.568125, 0.609375, 0.6125, 0.565625, 0.47562499999999996, 0.604375, 0.588125, 0.604375, 0.596875, 0.62375, 0.588125, 0.5425, 0.538125, 0.6162500000000001, 0.635625, 0.583125, 0.5249999999999999]	0.5844375	0.003968749999999965	lof	20	40	235	756	empirical_null	0.3080634043088955	0.7597164542067554
56	CDKN2C	[0.526875, 0.595625, 0.5868749999999999, 0.585, 0.505, 0.61625, 0.45375, 0.446875, 0.6406249999999999, 0.5518749999999999, 0.5237499999999999, 0.44999999999999996, 0.545625, 0.526875, 0.61625, 0.46437500000000004, 0.61625, 0.606875, 0.500625, 0.59125]	0.5475312500000001	[0.519375, 0.59375, 0.50875, 0.581875, 0.5075000000000001, 0.6475, 0.521875, 0.48749999999999993, 0.67375, 0.535, 0.56375, 0.515, 0.514375, 0.5918749999999999, 0.5618749999999999, 0.524375, 0.62, 0.661875, 0.65375, 0.49750000000000005]	0.5640625	-0.016531249999999886	lof	20	44	237	798	empirical_null	-0.8501884176274579	0.40054557775245825
32	CDKN2C	[0.5525, 0.558125, 0.5575, 0.49187499999999995, 0.5556249999999999, 0.5856250000000001, 0.5543750000000001, 0.593125, 0.5725, 0.58375, 0.5675, 0.526875, 0.53875, 0.5725, 0.595, 0.644375, 0.5650000000000001, 0.540625, 0.57375, 0.586875]	0.5658125	[0.656875, 0.5650000000000001, 0.533125, 0.49750000000000005, 0.5956250000000001, 0.629375, 0.578125, 0.569375, 0.628125, 0.5206249999999999, 0.623125, 0.67625, 0.554375, 0.55125, 0.5543750000000001, 0.626875, 0.4724999999999999, 0.674375, 0.63625, 0.47125000000000006]	0.5807187500000001	-0.01490625000000001	lof	20	44	244	820	empirical_null	-0.9546056130322821	0.3458107376755464
65	CDKN2C	[0.550625, 0.6325000000000001, 0.5387500000000001, 0.475, 0.55875, 0.594375, 0.6068749999999999, 0.628125, 0.56125, 0.525, 0.53625, 0.5987500000000001, 0.5762499999999999, 0.5075000000000001, 0.64125, 0.5818749999999999, 0.6162500000000001, 0.510625, 0.665, 0.615]	0.5760000000000001	[0.515, 0.584375, 0.505, 0.59, 0.5787500000000001, 0.595, 0.51, 0.49875, 0.5943749999999999, 0.59125, 0.594375, 0.521875, 0.661875, 0.529375, 0.5831249999999999, 0.6125, 0.525625, 0.5918749999999999, 0.5181250000000001, 0.5137499999999999]	0.56075	0.015250000000000097	lof	20	43	240	872	empirical_null	0.997491752665866	0.32483563340097565
25	CDKN2C	[0.649375, 0.5356249999999999, 0.56375, 0.58125, 0.528125, 0.57125, 0.5824999999999999, 0.5774999999999999, 0.516875, 0.5181250000000001, 0.620625, 0.589375, 0.5625, 0.62625, 0.51625, 0.505625, 0.5437500000000001, 0.544375, 0.534375, 0.6343749999999999]	0.56509375	[0.6218750000000001, 0.52875, 0.51375, 0.5912499999999999, 0.630625, 0.63, 0.6612500000000001, 0.5625, 0.619375, 0.589375, 0.55625, 0.624375, 0.5275000000000001, 0.609375, 0.568125, 0.661875, 0.62375, 0.6018749999999999, 0.575, 0.473125]	0.5884999999999999	-0.023406249999999962	lof	20	47	242	883	empirical_null	-1.5885896418336038	0.12043992406413502
9	CDKN2C	[0.5231250000000001, 0.5925, 0.535625, 0.558125, 0.533125, 0.5075, 0.43375, 0.550625, 0.44562500000000005, 0.6706249999999999, 0.47125, 0.535, 0.5393749999999999, 0.55125, 0.5743750000000001, 0.6187500000000001, 0.5193749999999999, 0.5425, 0.566875, 0.5281250000000001]	0.539875	[0.565, 0.59, 0.54375, 0.488125, 0.573125, 0.60875, 0.545625, 0.54, 0.616875, 0.57, 0.5875, 0.556875, 0.57875, 0.5625, 0.585625, 0.631875, 0.5900000000000001, 0.64125, 0.5487500000000001, 0.53875]	0.57315625	-0.03328125000000004	lof	20	36	242	911	empirical_null	-2.2961965166729463	0.02727101589016464
41	CDKN2C	[0.5962500000000001, 0.5875, 0.5700000000000001, 0.5268750000000001, 0.5075, 0.54375, 0.535, 0.579375, 0.516875, 0.568125, 0.548125, 0.541875, 0.56375, 0.6018749999999999, 0.5549999999999999, 0.5425, 0.57375, 0.545625, 0.688125, 0.580625]	0.5636249999999999	[0.6, 0.599375, 0.556875, 0.6218750000000001, 0.549375, 0.564375, 0.5406249999999999, 0.565, 0.6912499999999999, 0.526875, 0.591875, 0.6287499999999999, 0.6, 0.578125, 0.5543750000000001, 0.56875, 0.599375, 0.609375, 0.6124999999999999, 0.5231250000000001]	0.58409375	-0.020468750000000036	lof	20	41	248	985	empirical_null	-1.6444377721103676	0.10833484790690305
3	MDM2	[0.614375, 0.6712499999999999, 0.5293749999999999, 0.615, 0.561875, 0.590625, 0.511875, 0.54, 0.530625, 0.5818749999999999, 0.5249999999999999, 0.595, 0.5800000000000001, 0.51625, 0.553125, 0.5856250000000001, 0.595, 0.571875, 0.60625, 0.611875]	0.5743437499999999	[0.606875, 0.58375, 0.573125, 0.5493750000000001, 0.56375, 0.596875, 0.62625, 0.519375, 0.5412499999999999, 0.514375, 0.6825, 0.6, 0.5856250000000001, 0.528125, 0.5675, 0.5675, 0.49124999999999996, 0.5700000000000001, 0.5706249999999999, 0.480625]	0.5659375000000001	0.008406249999999837	lof	20	31	238	0	observed	0.6037659647509687	0.5495867899195872
29	MDM2	[0.68375, 0.609375, 0.554375, 0.571875, 0.52625, 0.533125, 0.52, 0.629375, 0.595, 0.495625, 0.525, 0.625625, 0.5725, 0.54125, 0.619375, 0.5399999999999999, 0.53375, 0.53125, 0.5399999999999999, 0.6375]	0.5692499999999998	[0.5756249999999999, 0.606875, 0.516875, 0.5331250000000001, 0.6037499999999999, 0.64125, 0.550625, 0.521875, 0.6074999999999999, 0.64, 0.5862499999999999, 0.583125, 0.51625, 0.551875, 0.609375, 0.56125, 0.5931249999999999, 0.645625, 0.63375, 0.6425000000000001]	0.5860312500000002	-0.016781250000000414	lof	20	28	249	33	empirical_null	-1.1270507818079907	0.2667878140203603
13	MDM2	[0.5662499999999999, 0.605625, 0.5724999999999999, 0.5299999999999999, 0.5418750000000001, 0.48999999999999994, 0.47437500000000005, 0.578125, 0.589375, 0.620625, 0.5825, 0.534375, 0.59625, 0.58, 0.609375, 0.57125, 0.6475, 0.58125, 0.644375, 0.56625]	0.5740937500000001	[0.580625, 0.52875, 0.5487500000000001, 0.594375, 0.57125, 0.68125, 0.598125, 0.52625, 0.63375, 0.5337500000000001, 0.6225, 0.5543750000000001, 0.6100000000000001, 0.5662499999999999, 0.564375, 0.5775, 0.506875, 0.5868749999999999, 0.5731250000000001, 0.5643750000000001]	0.5761562500000001	-0.002062500000000078	lof	20	29	229	749	empirical_null	-0.15315370990731442	0.8790874606798367
